cam_model: ATAN
cam_width: 640
cam_height: 512
cam_fx: 1.19345
cam_fy: 1.49008
cam_cx: 0.50236
cam_cy: 0.441251
cam_d0: 0.607415


